0                   200
1000                8
2000                50
3000                150
4000                520
5000                825
6000                1194
7000                1190
8000                1184
9000                1136
10000               788
11000               750
12000               438
13000               443
14000               377
15000               513
16000               502
17000               421
18000               403
19000               401
20000               567
21000               567
22000               378
23000               377
24000               365
25000               386
26000               372
27000               315
28000               309
29000               309
30000               376
31000               374
32000               174
33000               174
34000               173
35000               174
36000               174
37000               147
38000               146
39000               146
40000               148
41000               148
42000               76
43000               76
44000               75
45000               75
46000               75
47000               73
48000               73
49000               73
50000               78
51000               78
52000               14
53000               14
54000               14
55000               14
56000               14
57000               14
58000               14
59000               14
60000               15
61000               15
62000               6
63000               6
64000               6
65000               6
66000               6
67000               6
68000               6
69000               6
70000               6
71000               6
72000               2
73000               2
74000               2
75000               2
76000               2
77000               2
78000               2
79000               2
80000               2
81000               2
82000               1
83000               1
84000               1
85000               1
86000               1
87000               1
88000               1
89000               1
90000               1
91000               1
100000              1
101000              1
102000              1
103000              1
104000              1
105000              1
106000              1
107000              1
108000              1
109000              1
110000              1
111000              1
112000              1
113000              1
114000              1
115000              1
116000              1
117000              1
118000              1
119000              1
120000              1
121000              1
122000              1
123000              1
124000              1
125000              1
126000              1
127000              1
128000              1
129000              1
130000              1
131000              1
132000              1
133000              1
134000              1
135000              1
136000              1
137000              1
138000              1
139000              1
140000              1
141000              1
142000              1
143000              1
144000              1
145000              1
146000              1
147000              1
148000              1
149000              1
150000              1
151000              1